
SNR = 11.7737173657
PSNR = 24.1651583672
RMSE = 15.7863694372
MAE = 15.7863694372
